024135
024153
025314
031425
031524
035142
035241
041352
042513
042531
052413
053142
130425
130524
135024
135042
135204
135240
140253
140352
142035
142053
142503
142530
152403
153024
153042
203514
204135
204153
205314
240315
240351
240513
240531
241305
241350
241503
241530
250314
250413
251304
251403
253041
253140
302415
302514
304152
304251
305142
305241
314025
314052
314205
314250
315024
315042
315204
315240
350241
351402
351420
352041
402513
402531
403152
413025
413052
413502
413520
415203
415302
420315
420351
420513
420531
425031
425130
502413
503142
513024
513042
514203
520314
520413
524031
524130
530241
531402
531420
