02415736
02416357
02416375
02417536
02461357
02461375
02461537
02461573
02461735
02461753
02463157
02463175
02463517
02463571
02463715
02463751
02471536
02471635
02473516
02473615
02475136
02475163
02475316
02475361
02513647
02513746
02514637
02514736
02516374
02516473
02517364
02517463
02531647
02531746
02536147
02536174
02536417
02536471
02537146
02537164
02537416
02537461
02571364
02571463
02573146
02573164
02573614
02573641
02574136
02574163
02574613
02574631
02613574
02614735
02614753
02615374
02631475
02631574
02635147
02635174
02635714
02635741
02637415
02637514
02641357
02641375
02641537
02641573
02641735
02641753
02647135
02647153
02647315
02647351
02647513
02647531
02714635
02715364
02735146
02735164
02736415
02741536
02741635
02746135
02746153
02746315
02746351
02751364
02751463
02753146
02753164
02753614
02753641
03146257
03146275
03147526
03152647
03152746
03157246
03157264
03157426
03157462
03162475
03162574
03164257
03164275
03164725
03164752
03174625
03175246
03175264
03514627
03514726
03516247
03516274
03516427
03516472
03517246
03517264
03517426
03517462
03524617
03524716
03526147
03526174
03526417
03526471
03527146
03527164
03527416
03527461
03571426
03571462
03571624
03571642
03572416
03572461
03572614
03572641
03574162
03574261
03614257
03614275
03614725
03614752
03615247
03615274
03615724
03615742
03617425
03617524
03624157
03624175
03624715
03624751
03625147
03625174
03625714
03625741
03627415
03627514
03641527
03641572
03641725
03641752
03642517
03642571
03642715
03642751
03647152
03647251
03714625
03715246
03715264
03716425
03724615
03725146
03725164
03726415
03741526
03741625
03742516
03742615
03746152
03746251
03751426
03751462
03751624
03751642
03752416
03752461
03752614
03752641
04135726
04136257
04136275
04137526
04152637
04152736
04153627
04153726
04157263
04157362
04162537
04162573
04162735
04162753
04163527
04163572
04163725
04163752
04172536
04172635
04173526
04173625
04175263
04175362
04251637
04251736
04253617
04253716
04257136
04257163
04257316
04257361
04261357
04261375
04261537
04261573
04261735
04261753
04263157
04263175
04263517
04263571
04263715
04263751
04271536
04271635
04273516
04273615
04275136
04275163
04275316
04275361
04613527
04613572
04613725
04613752
04615273
04615372
04617253
04617352
04625137
04625173
04625317
04625371
04625713
04625731
04627135
04627153
04627315
04627351
04627513
04627531
04631527
04631572
04631725
04631752
04635172
04635271
04637152
04637251
04713526
04713625
04715263
04715362
04716253
04716352
04725136
04725163
04725316
04725361
04726135
04726153
04726315
04726351
04731526
04731625
04735162
04735261
04736152
04736251
04751362
04752613
04752631
04753162
05136247
05136274
05136427
05136472
05137246
05137264
05137426
05137462
05142637
05142736
05146273
05146372
05147263
05147362
05162473
05163724
05163742
05164273
05172463
05173624
05173642
05174263
05241637
05241736
05246137
05246173
05246317
05246371
05247136
05247163
05247316
05247361
05261374
05261473
05263147
05263174
05263714
05263741
05264137
05264173
05264713
05264731
05271364
05271463
05273146
05273164
05273614
05273641
05274136
05274163
05274613
05274631
05314627
05314726
05316247
05316274
05316427
05316472
05317246
05317264
05317426
05317462
05361427
05361472
05361724
05361742
05362417
05362471
05362714
05362741
05364172
05364271
05371426
05371462
05371624
05371642
05372416
05372461
05372614
05372641
05374162
05374261
05713624
05713642
05714263
05724136
05724163
05724613
05724631
05726314
05726413
05731426
05731462
05731624
05731642
05736142
05736241
05741362
05742613
05742631
06135247
06135274
06135724
06135742
06137425
06137524
06142537
06142573
06142735
06142753
06147253
06147352
06152473
06153724
06153742
06173524
06174253
06241357
06241375
06241537
06241573
06241735
06241753
06247135
06247153
06247315
06247351
06247513
06247531
06251374
06251473
06253147
06253174
06253714
06253741
06257314
06257413
06273514
06274135
06274153
06275314
06314257
06314275
06314725
06314752
06315247
06315274
06315724
06315742
06317425
06317524
06351427
06351472
06351724
06351742
06352417
06352471
06352714
06352741
06357142
06357241
06371425
06371524
06372415
06372514
06374152
06374251
06375142
06375241
06413527
06413572
06413725
06413752
06415273
06415372
06417253
06417352
06425137
06425173
06425317
06425371
06425713
06425731
06427135
06427153
06427315
06427351
06427513
06427531
06471352
06472513
06472531
06473152
07135246
07135264
07136425
07142536
07142635
07146253
07146352
07152463
07153624
07153642
07163524
07164253
07241536
07241635
07246135
07246153
07246315
07246351
07251364
07251463
07253146
07253164
07253614
07253641
07263514
07264135
07264153
07314625
07315246
07315264
07316425
07351426
07351462
07351624
07351642
07352416
07352461
07352614
07352641
07361425
07361524
07362415
07362514
07364152
07364251
07413526
07413625
07415263
07415362
07416253
07416352
07425136
07425163
07425316
07425361
07426135
07426153
07426315
07426351
07461352
07462513
07462531
07463152
07513624
07513642
07514263
07524136
07524163
07524613
07524631
07526314
07526413
07531426
07531462
07531624
07531642
07536142
07536241
13025746
13026475
13046257
13046275
13047526
13052647
13052746
13057246
13057264
13057426
13057462
13062475
13062574
13064257
13064275
13064725
13064752
13074625
13075246
13075264
13502647
13502746
13504627
13504726
13506247
13506274
13506427
13506472
13507246
13507264
13507426
13507462
13520647
13520746
13524607
13524706
13526047
13526074
13526407
13526470
13527046
13527064
13527406
13527460
13570246
13570264
13570426
13570462
13570624
13570642
13572046
13572064
13572406
13572460
13572604
13572640
13574026
13574062
13574206
13574260
13574602
13574620
13602475
13602574
13604257
13604275
13604725
13604752
13605247
13605274
13605724
13605742
13607425
13607524
13620475
13620574
13624057
13624075
13624705
13624750
13625047
13625074
13625704
13625740
13627405
13627504
13640257
13640275
13640527
13640572
13640725
13640752
13642057
13642075
13642507
13642570
13642705
13642750
13647025
13647052
13647205
13647250
13647502
13647520
13704625
13705246
13705264
13706425
13724605
13725046
13725064
13726405
13740526
13740625
13742506
13742605
13746025
13746052
13746205
13746250
13750246
13750264
13750426
13750462
13750624
13750642
13752046
13752064
13752406
13752460
13752604
13752640
14025736
14026357
14026375
14027536
14035726
14036257
14036275
14037526
14052637
14052736
14053627
14053726
14057263
14057362
14062537
14062573
14062735
14062753
14063527
14063572
14063725
14063752
14072536
14072635
14073526
14073625
14075263
14075362
14205736
14206357
14206375
14207536
14250637
14250736
14253607
14253706
14257036
14257063
14257306
14257360
14260357
14260375
14260537
14260573
14260735
14260753
14263057
14263075
14263507
14263570
14263705
14263750
14270536
14270635
14273506
14273605
14275036
14275063
14275306
14275360
14602537
14602573
14602735
14602753
14603527
14603572
14603725
14603752
14605273
14605372
14607253
14607352
14620357
14620375
14620537
14620573
14620735
14620753
14625037
14625073
14625307
14625370
14625703
14625730
14627035
14627053
14627305
14627350
14627503
14627530
14630257
14630275
14630527
14630572
14630725
14630752
14635027
14635072
14635207
14635270
14635702
14635720
14637025
14637052
14637205
14637250
14637502
14637520
14702536
14702635
14703526
14703625
14705263
14705362
14706253
14706352
14720536
14720635
14725036
14725063
14725306
14725360
14726035
14726053
14726305
14726350
14730526
14730625
14735026
14735062
14735206
14735260
14736025
14736052
14736205
14736250
14750263
14750362
14752036
14752063
14752603
14752630
14753026
14753062
14753602
14753620
15024637
15024736
15026374
15026473
15027364
15027463
15036247
15036274
15036427
15036472
15037246
15037264
15037426
15037462
15042637
15042736
15046273
15046372
15047263
15047362
15062473
15063724
15063742
15064273
15072463
15073624
15073642
15074263
15203647
15203746
15204637
15204736
15206374
15206473
15207364
15207463
15240637
15240736
15246037
15246073
15246307
15246370
15247036
15247063
15247306
15247360
15260374
15260473
15263047
15263074
15263704
15263740
15264037
15264073
15264703
15264730
15270364
15270463
15273046
15273064
15273604
15273640
15274036
15274063
15274603
15274630
15302647
15302746
15304627
15304726
15306247
15306274
15306427
15306472
15307246
15307264
15307426
15307462
15360247
15360274
15360427
15360472
15360724
15360742
15362047
15362074
15362407
15362470
15362704
15362740
15364027
15364072
15364207
15364270
15364702
15364720
15370246
15370264
15370426
15370462
15370624
15370642
15372046
15372064
15372406
15372460
15372604
15372640
15374026
15374062
15374206
15374260
15374602
15374620
15702463
15703624
15703642
15704263
15720364
15720463
15724036
15724063
15724603
15724630
15726304
15726403
15730246
15730264
15730426
15730462
15730624
15730642
15736024
15736042
15736204
15736240
15736402
15736420
15740263
15740362
15742036
15742063
15742603
15742630
15746203
15746302
16024735
16024753
16025374
16035247
16035274
16035724
16035742
16037425
16037524
16042537
16042573
16042735
16042753
16047253
16047352
16052473
16053724
16053742
16073524
16074253
16203574
16204735
16204753
16205374
16240357
16240375
16240537
16240573
16240735
16240753
16247035
16247053
16247305
16247350
16247503
16247530
16250374
16250473
16253047
16253074
16253704
16253740
16257304
16257403
16273504
16274035
16274053
16275304
16302475
16302574
16304257
16304275
16304725
16304752
16305247
16305274
16305724
16305742
16307425
16307524
16350247
16350274
16350427
16350472
16350724
16350742
16352047
16352074
16352407
16352470
16352704
16352740
16357024
16357042
16357204
16357240
16357402
16357420
16370425
16370524
16372405
16372504
16374025
16374052
16374205
16374250
16375024
16375042
16375204
16375240
16402537
16402573
16402735
16402753
16403527
16403572
16403725
16403752
16405273
16405372
16407253
16407352
16420357
16420375
16420537
16420573
16420735
16420753
16425037
16425073
16425307
16425370
16425703
16425730
16427035
16427053
16427305
16427350
16427503
16427530
16470253
16470352
16472035
16472053
16472503
16472530
16473025
16473052
16473502
16473520
16475203
16475302
17024635
17025364
17035246
17035264
17036425
17042536
17042635
17046253
17046352
17052463
17053624
17053642
17063524
17064253
17204635
17205364
17240536
17240635
17246035
17246053
17246305
17246350
17250364
17250463
17253046
17253064
17253604
17253640
17263504
17264035
17264053
17304625
17305246
17305264
17306425
17350246
17350264
17350426
17350462
17350624
17350642
17352046
17352064
17352406
17352460
17352604
17352640
17360425
17360524
17362405
17362504
17364025
17364052
17364205
17364250
17402536
17402635
17403526
17403625
17405263
17405362
17406253
17406352
17420536
17420635
17425036
17425063
17425306
17425360
17426035
17426053
17426305
17426350
17460253
17460352
17462035
17462053
17462503
17462530
17463025
17463052
17463502
17463520
17502463
17503624
17503642
17504263
17520364
17520463
17524036
17524063
17524603
17524630
17526304
17526403
17530246
17530264
17530426
17530462
17530624
17530642
17536024
17536042
17536204
17536240
17536402
17536420
20315746
20316475
20351647
20351746
20357146
20357164
20357416
20357461
20361475
20361574
20364157
20364175
20364715
20364751
20374615
20375146
20375164
20415736
20416357
20416375
20417536
20461357
20461375
20461537
20461573
20461735
20461753
20463157
20463175
20463517
20463571
20463715
20463751
20471536
20471635
20473516
20473615
20475136
20475163
20475316
20475361
20513647
20513746
20514637
20514736
20516374
20516473
20517364
20517463
20531647
20531746
20536147
20536174
20536417
20536471
20537146
20537164
20537416
20537461
20571364
20571463
20573146
20573164
20573614
20573641
20574136
20574163
20574613
20574631
20613574
20614735
20614753
20615374
20631475
20631574
20635147
20635174
20635714
20635741
20637415
20637514
20641357
20641375
20641537
20641573
20641735
20641753
20647135
20647153
20647315
20647351
20647513
20647531
20714635
20715364
20735146
20735164
20736415
20741536
20741635
20746135
20746153
20746315
20746351
20751364
20751463
20753146
20753164
20753614
20753641
24035716
24036157
24036175
24037516
24051637
24051736
24053617
24053716
24057136
24057163
24057316
24057361
24061357
24061375
24061537
24061573
24061735
24061753
24063157
24063175
24063517
24063571
24063715
24063751
24071536
24071635
24073516
24073615
24075136
24075163
24075316
24075361
24135706
24136057
24136075
24137506
24150637
24150736
24153607
24153706
24157036
24157063
24157306
24157360
24160357
24160375
24160537
24160573
24160735
24160753
24163057
24163075
24163507
24163570
24163705
24163750
24170536
24170635
24173506
24173605
24175036
24175063
24175306
24175360
24603157
24603175
24603517
24603571
24603715
24603751
24605137
24605173
24605317
24605371
24605713
24605731
24607135
24607153
24607315
24607351
24607513
24607531
24613057
24613075
24613507
24613570
24613705
24613750
24615037
24615073
24615307
24615370
24615703
24615730
24617035
24617053
24617305
24617350
24617503
24617530
24630517
24630571
24630715
24630751
24631507
24631570
24631705
24631750
24635071
24635170
24637051
24637150
24703516
24703615
24705136
24705163
24705316
24705361
24706135
24706153
24706315
24706351
24713506
24713605
24715036
24715063
24715306
24715360
24716035
24716053
24716305
24716350
24730516
24730615
24731506
24731605
24735061
24735160
24736051
24736150
24750316
24750361
24750613
24750631
24751306
24751360
24751603
24751630
24753061
24753160
25031647
25031746
25036147
25036174
25036417
25036471
25037146
25037164
25037416
25037461
25041637
25041736
25046137
25046173
25046317
25046371
25047136
25047163
25047316
25047361
25061374
25061473
25063147
25063174
25063714
25063741
25064137
25064173
25064713
25064731
25071364
25071463
25073146
25073164
25073614
25073641
25074136
25074163
25074613
25074631
25130647
25130746
25136047
25136074
25136407
25136470
25137046
25137064
25137406
25137460
25140637
25140736
25146037
25146073
25146307
25146370
25147036
25147063
25147306
25147360
25160374
25160473
25163047
25163074
25163704
25163740
25164037
25164073
25164703
25164730
25170364
25170463
25173046
25173064
25173604
25173640
25174036
25174063
25174603
25174630
25304617
25304716
25306147
25306174
25306417
25306471
25307146
25307164
25307416
25307461
25314607
25314706
25316047
25316074
25316407
25316470
25317046
25317064
25317406
25317460
25360417
25360471
25360714
25360741
25361407
25361470
25361704
25361740
25364071
25364170
25370416
25370461
25370614
25370641
25371406
25371460
25371604
25371640
25374061
25374160
25703146
25703164
25703614
25703641
25704136
25704163
25704613
25704631
25706314
25706413
25713046
25713064
25713604
25713640
25714036
25714063
25714603
25714630
25716304
25716403
25730416
25730461
25730614
25730641
25731406
25731460
25731604
25731640
25736041
25736140
25740316
25740361
25740613
25740631
25741306
25741360
25741603
25741630
25746031
25746130
26031475
26031574
26035147
26035174
26035714
26035741
26037415
26037514
26041357
26041375
26041537
26041573
26041735
26041753
26047135
26047153
26047315
26047351
26047513
26047531
26051374
26051473
26053147
26053174
26053714
26053741
26057314
26057413
26073514
26074135
26074153
26075314
26130475
26130574
26135047
26135074
26135704
26135740
26137405
26137504
26140357
26140375
26140537
26140573
26140735
26140753
26147035
26147053
26147305
26147350
26147503
26147530
26150374
26150473
26153047
26153074
26153704
26153740
26157304
26157403
26173504
26174035
26174053
26175304
26304157
26304175
26304715
26304751
26305147
26305174
26305714
26305741
26307415
26307514
26314057
26314075
26314705
26314750
26315047
26315074
26315704
26315740
26317405
26317504
26350417
26350471
26350714
26350741
26351407
26351470
26351704
26351740
26357041
26357140
26370415
26370514
26371405
26371504
26374051
26374150
26375041
26375140
26403157
26403175
26403517
26403571
26403715
26403751
26405137
26405173
26405317
26405371
26405713
26405731
26407135
26407153
26407315
26407351
26407513
26407531
26413057
26413075
26413507
26413570
26413705
26413750
26415037
26415073
26415307
26415370
26415703
26415730
26417035
26417053
26417305
26417350
26417503
26417530
26470315
26470351
26470513
26470531
26471305
26471350
26471503
26471530
26473051
26473150
26475031
26475130
27035146
27035164
27036415
27041536
27041635
27046135
27046153
27046315
27046351
27051364
27051463
27053146
27053164
27053614
27053641
27063514
27064135
27064153
27135046
27135064
27136405
27140536
27140635
27146035
27146053
27146305
27146350
27150364
27150463
27153046
27153064
27153604
27153640
27163504
27164035
27164053
27304615
27305146
27305164
27306415
27314605
27315046
27315064
27316405
27350416
27350461
27350614
27350641
27351406
27351460
27351604
27351640
27360415
27360514
27361405
27361504
27364051
27364150
27403516
27403615
27405136
27405163
27405316
27405361
27406135
27406153
27406315
27406351
27413506
27413605
27415036
27415063
27415306
27415360
27416035
27416053
27416305
27416350
27460315
27460351
27460513
27460531
27461305
27461350
27461503
27461530
27463051
27463150
27503146
27503164
27503614
27503641
27504136
27504163
27504613
27504631
27506314
27506413
27513046
27513064
27513604
27513640
27514036
27514063
27514603
27514630
27516304
27516403
27530416
27530461
27530614
27530641
27531406
27531460
27531604
27531640
27536041
27536140
30246157
30246175
30247516
30251647
30251746
30257146
30257164
30257416
30257461
30261475
30261574
30264157
30264175
30264715
30264751
30274615
30275146
30275164
30415726
30416257
30416275
30417526
30425716
30426157
30426175
30427516
30461527
30461572
30461725
30461752
30462517
30462571
30462715
30462751
30471526
30471625
30472516
30472615
30475162
30475261
30514627
30514726
30516247
30516274
30516427
30516472
30517246
30517264
30517426
30517462
30524617
30524716
30526147
30526174
30526417
30526471
30527146
30527164
30527416
30527461
30571426
30571462
30571624
30571642
30572416
30572461
30572614
30572641
30574162
30574261
30614257
30614275
30614725
30614752
30615247
30615274
30615724
30615742
30617425
30617524
30624157
30624175
30624715
30624751
30625147
30625174
30625714
30625741
30627415
30627514
30641527
30641572
30641725
30641752
30642517
30642571
30642715
30642751
30647152
30647251
30714625
30715246
30715264
30716425
30724615
30725146
30725164
30726415
30741526
30741625
30742516
30742615
30746152
30746251
30751426
30751462
30751624
30751642
30752416
30752461
30752614
30752641
31405726
31406257
31406275
31407526
31425706
31426057
31426075
31427506
31460257
31460275
31460527
31460572
31460725
31460752
31462057
31462075
31462507
31462570
31462705
31462750
31470526
31470625
31472506
31472605
31475026
31475062
31475206
31475260
31502647
31502746
31504627
31504726
31506247
31506274
31506427
31506472
31507246
31507264
31507426
31507462
31520647
31520746
31524607
31524706
31526047
31526074
31526407
31526470
31527046
31527064
31527406
31527460
31570246
31570264
31570426
31570462
31570624
31570642
31572046
31572064
31572406
31572460
31572604
31572640
31574026
31574062
31574206
31574260
31574602
31574620
31602475
31602574
31604257
31604275
31604725
31604752
31605247
31605274
31605724
31605742
31607425
31607524
31620475
31620574
31624057
31624075
31624705
31624750
31625047
31625074
31625704
31625740
31627405
31627504
31640257
31640275
31640527
31640572
31640725
31640752
31642057
31642075
31642507
31642570
31642705
31642750
31647025
31647052
31647205
31647250
31647502
31647520
31704625
31705246
31705264
31706425
31724605
31725046
31725064
31726405
31740526
31740625
31742506
31742605
31746025
31746052
31746205
31746250
31750246
31750264
31750426
31750462
31750624
31750642
31752046
31752064
31752406
31752460
31752604
31752640
35024617
35024716
35026147
35026174
35026417
35026471
35027146
35027164
35027416
35027461
35041627
35041726
35042617
35042716
35046172
35046271
35047162
35047261
35061427
35061472
35061724
35061742
35062417
35062471
35062714
35062741
35064172
35064271
35071426
35071462
35071624
35071642
35072416
35072461
35072614
35072641
35074162
35074261
35140627
35140726
35142607
35142706
35146027
35146072
35146207
35146270
35147026
35147062
35147206
35147260
35160247
35160274
35160427
35160472
35160724
35160742
35162047
35162074
35162407
35162470
35162704
35162740
35164027
35164072
35164207
35164270
35164702
35164720
35170246
35170264
35170426
35170462
35170624
35170642
35172046
35172064
35172406
35172460
35172604
35172640
35174026
35174062
35174206
35174260
35174602
35174620
35204617
35204716
35206147
35206174
35206417
35206471
35207146
35207164
35207416
35207461
35240617
35240716
35241607
35241706
35246071
35246170
35247061
35247160
35260417
35260471
35260714
35260741
35261407
35261470
35261704
35261740
35264071
35264170
35270416
35270461
35270614
35270641
35271406
35271460
35271604
35271640
35274061
35274160
35702416
35702461
35702614
35702641
35704162
35704261
35706142
35706241
35714026
35714062
35714206
35714260
35714602
35714620
35716024
35716042
35716204
35716240
35716402
35716420
35720416
35720461
35720614
35720641
35724061
35724160
35726041
35726140
35740261
35741602
35741620
35742061
36024157
36024175
36024715
36024751
36025147
36025174
36025714
36025741
36027415
36027514
36041527
36041572
36041725
36041752
36042517
36042571
36042715
36042751
36047152
36047251
36051427
36051472
36051724
36051742
36052417
36052471
36052714
36052741
36057142
36057241
36071425
36071524
36072415
36072514
36074152
36074251
36075142
36075241
36140257
36140275
36140527
36140572
36140725
36140752
36142057
36142075
36142507
36142570
36142705
36142750
36147025
36147052
36147205
36147250
36147502
36147520
36150247
36150274
36150427
36150472
36150724
36150742
36152047
36152074
36152407
36152470
36152704
36152740
36157024
36157042
36157204
36157240
36157402
36157420
36170425
36170524
36172405
36172504
36174025
36174052
36174205
36174250
36175024
36175042
36175204
36175240
36204157
36204175
36204715
36204751
36205147
36205174
36205714
36205741
36207415
36207514
36240517
36240571
36240715
36240751
36241507
36241570
36241705
36241750
36247051
36247150
36250417
36250471
36250714
36250741
36251407
36251470
36251704
36251740
36257041
36257140
36270415
36270514
36271405
36271504
36274051
36274150
36275041
36275140
36402517
36402571
36402715
36402751
36405172
36405271
36407152
36407251
36415027
36415072
36415207
36415270
36415702
36415720
36417025
36417052
36417205
36417250
36417502
36417520
36420517
36420571
36420715
36420751
36425071
36425170
36427051
36427150
36470251
36471502
36471520
36472051
37024615
37025146
37025164
37026415
37041526
37041625
37042516
37042615
37046152
37046251
37051426
37051462
37051624
37051642
37052416
37052461
37052614
37052641
37061425
37061524
37062415
37062514
37064152
37064251
37140526
37140625
37142506
37142605
37146025
37146052
37146205
37146250
37150246
37150264
37150426
37150462
37150624
37150642
37152046
37152064
37152406
37152460
37152604
37152640
37160425
37160524
37162405
37162504
37164025
37164052
37164205
37164250
37204615
37205146
37205164
37206415
37240516
37240615
37241506
37241605
37246051
37246150
37250416
37250461
37250614
37250641
37251406
37251460
37251604
37251640
37260415
37260514
37261405
37261504
37264051
37264150
37402516
37402615
37405162
37405261
37406152
37406251
37415026
37415062
37415206
37415260
37416025
37416052
37416205
37416250
37420516
37420615
37425061
37425160
37426051
37426150
37460251
37461502
37461520
37462051
37502416
37502461
37502614
37502641
37504162
37504261
37506142
37506241
37514026
37514062
37514206
37514260
37514602
37514620
37516024
37516042
37516204
37516240
37516402
37516420
37520416
37520461
37520614
37520641
37524061
37524160
37526041
37526140
40251637
40251736
40253617
40253716
40257136
40257163
40257316
40257361
40261357
40261375
40261537
40261573
40261735
40261753
40263157
40263175
40263517
40263571
40263715
40263751
40271536
40271635
40273516
40273615
40275136
40275163
40275316
40275361
40315726
40316257
40316275
40317526
40351627
40351726
40352617
40352716
40357162
40357261
40361527
40361572
40361725
40361752
40362517
40362571
40362715
40362751
40371526
40371625
40372516
40372615
40375162
40375261
40513627
40513726
40516273
40516372
40517263
40517362
40526137
40526173
40526317
40526371
40527136
40527163
40527316
40527361
40531627
40531726
40536172
40536271
40537162
40537261
40571362
40572613
40572631
40573162
40613527
40613572
40613725
40613752
40615273
40615372
40617253
40617352
40625137
40625173
40625317
40625371
40625713
40625731
40627135
40627153
40627315
40627351
40627513
40627531
40631527
40631572
40631725
40631752
40635172
40635271
40637152
40637251
40713526
40713625
40715263
40715362
40716253
40716352
40725136
40725163
40725316
40725361
40726135
40726153
40726315
40726351
40731526
40731625
40735162
40735261
40736152
40736251
40751362
40752613
40752631
40753162
41305726
41306257
41306275
41307526
41350627
41350726
41352607
41352706
41357026
41357062
41357206
41357260
41360257
41360275
41360527
41360572
41360725
41360752
41362057
41362075
41362507
41362570
41362705
41362750
41370526
41370625
41372506
41372605
41375026
41375062
41375206
41375260
41502637
41502736
41503627
41503726
41506273
41506372
41507263
41507362
41520637
41520736
41526037
41526073
41526307
41526370
41527036
41527063
41527306
41527360
41530627
41530726
41536027
41536072
41536207
41536270
41537026
41537062
41537206
41537260
41570263
41570362
41572036
41572063
41572603
41572630
41573026
41573062
41573602
41573620
41602537
41602573
41602735
41602753
41603527
41603572
41603725
41603752
41605273
41605372
41607253
41607352
41620357
41620375
41620537
41620573
41620735
41620753
41625037
41625073
41625307
41625370
41625703
41625730
41627035
41627053
41627305
41627350
41627503
41627530
41630257
41630275
41630527
41630572
41630725
41630752
41635027
41635072
41635207
41635270
41635702
41635720
41637025
41637052
41637205
41637250
41637502
41637520
41702536
41702635
41703526
41703625
41705263
41705362
41706253
41706352
41720536
41720635
41725036
41725063
41725306
41725360
41726035
41726053
41726305
41726350
41730526
41730625
41735026
41735062
41735206
41735260
41736025
41736052
41736205
41736250
41750263
41750362
41752036
41752063
41752603
41752630
41753026
41753062
41753602
41753620
42035716
42036157
42036175
42037516
42051637
42051736
42053617
42053716
42057136
42057163
42057316
42057361
42061357
42061375
42061537
42061573
42061735
42061753
42063157
42063175
42063517
42063571
42063715
42063751
42071536
42071635
42073516
42073615
42075136
42075163
42075316
42075361
42503617
42503716
42506137
42506173
42506317
42506371
42507136
42507163
42507316
42507361
42513607
42513706
42516037
42516073
42516307
42516370
42517036
42517063
42517306
42517360
42530617
42530716
42531607
42531706
42536071
42536170
42537061
42537160
42570316
42570361
42570613
42570631
42571306
42571360
42571603
42571630
42573061
42573160
42603157
42603175
42603517
42603571
42603715
42603751
42605137
42605173
42605317
42605371
42605713
42605731
42607135
42607153
42607315
42607351
42607513
42607531
42613057
42613075
42613507
42613570
42613705
42613750
42615037
42615073
42615307
42615370
42615703
42615730
42617035
42617053
42617305
42617350
42617503
42617530
42630517
42630571
42630715
42630751
42631507
42631570
42631705
42631750
42635071
42635170
42637051
42637150
42703516
42703615
42705136
42705163
42705316
42705361
42706135
42706153
42706315
42706351
42713506
42713605
42715036
42715063
42715306
42715360
42716035
42716053
42716305
42716350
42730516
42730615
42731506
42731605
42735061
42735160
42736051
42736150
42750316
42750361
42750613
42750631
42751306
42751360
42751603
42751630
42753061
42753160
46025137
46025173
46025317
46025371
46025713
46025731
46027135
46027153
46027315
46027351
46027513
46027531
46031527
46031572
46031725
46031752
46035172
46035271
46037152
46037251
46051372
46052713
46052731
46053172
46071352
46072513
46072531
46073152
46130257
46130275
46130527
46130572
46130725
46130752
46135027
46135072
46135207
46135270
46135702
46135720
46137025
46137052
46137205
46137250
46137502
46137520
46150273
46150372
46152037
46152073
46152703
46152730
46153027
46153072
46153702
46153720
46157203
46157302
46170253
46170352
46172035
46172053
46172503
46172530
46173025
46173052
46173502
46173520
46175203
46175302
46203157
46203175
46203517
46203571
46203715
46203751
46205137
46205173
46205317
46205371
46205713
46205731
46207135
46207153
46207315
46207351
46207513
46207531
46250317
46250371
46250713
46250731
46251307
46251370
46251703
46251730
46253071
46253170
46257031
46257130
46270315
46270351
46270513
46270531
46271305
46271350
46271503
46271530
46273051
46273150
46275031
46275130
46302517
46302571
46302715
46302751
46305172
46305271
46307152
46307251
46315027
46315072
46315207
46315270
46315702
46315720
46317025
46317052
46317205
46317250
46317502
46317520
46350271
46351702
46351720
46352071
46370251
46371502
46371520
46372051
47025136
47025163
47025316
47025361
47026135
47026153
47026315
47026351
47031526
47031625
47035162
47035261
47036152
47036251
47051362
47052613
47052631
47053162
47061352
47062513
47062531
47063152
47130526
47130625
47135026
47135062
47135206
47135260
47136025
47136052
47136205
47136250
47150263
47150362
47152036
47152063
47152603
47152630
47153026
47153062
47153602
47153620
47160253
47160352
47162035
47162053
47162503
47162530
47163025
47163052
47163502
47163520
47203516
47203615
47205136
47205163
47205316
47205361
47206135
47206153
47206315
47206351
47250316
47250361
47250613
47250631
47251306
47251360
47251603
47251630
47253061
47253160
47260315
47260351
47260513
47260531
47261305
47261350
47261503
47261530
47263051
47263150
47302516
47302615
47305162
47305261
47306152
47306251
47315026
47315062
47315206
47315260
47316025
47316052
47316205
47316250
47350261
47351602
47351620
47352061
47360251
47361502
47361520
47362051
47502613
47502631
47503162
47513026
47513062
47513602
47513620
47516203
47516302
47520316
47520361
47520613
47520631
47526031
47526130
47530261
47531602
47531620
50241637
50241736
50246137
50246173
50246317
50246371
50247136
50247163
50247316
50247361
50261374
50261473
50263147
50263174
50263714
50263741
50264137
50264173
50264713
50264731
50271364
50271463
50273146
50273164
50273614
50273641
50274136
50274163
50274613
50274631
50314627
50314726
50316247
50316274
50316427
50316472
50317246
50317264
50317426
50317462
50361427
50361472
50361724
50361742
50362417
50362471
50362714
50362741
50364172
50364271
50371426
50371462
50371624
50371642
50372416
50372461
50372614
50372641
50374162
50374261
50413627
50413726
50416273
50416372
50417263
50417362
50426137
50426173
50426317
50426371
50427136
50427163
50427316
50427361
50461372
50462713
50462731
50463172
50471362
50472613
50472631
50473162
50613724
50613742
50614273
50624137
50624173
50624713
50624731
50627314
50627413
50631427
50631472
50631724
50631742
50637142
50637241
50641372
50642713
50642731
50713624
50713642
50714263
50724136
50724163
50724613
50724631
50726314
50726413
50731426
50731462
50731624
50731642
50736142
50736241
50741362
50742613
50742631
51302647
51302746
51304627
51304726
51306247
51306274
51306427
51306472
51307246
51307264
51307426
51307462
51360247
51360274
51360427
51360472
51360724
51360742
51362047
51362074
51362407
51362470
51362704
51362740
51364027
51364072
51364207
51364270
51364702
51364720
51370246
51370264
51370426
51370462
51370624
51370642
51372046
51372064
51372406
51372460
51372604
51372640
51374026
51374062
51374206
51374260
51374602
51374620
51402637
51402736
51403627
51403726
51406273
51406372
51407263
51407362
51420637
51420736
51426037
51426073
51426307
51426370
51427036
51427063
51427306
51427360
51460273
51460372
51462037
51462073
51462703
51462730
51463027
51463072
51463702
51463720
51470263
51470362
51472036
51472063
51472603
51472630
51473026
51473062
51473602
51473620
51602473
51603724
51603742
51604273
51620374
51620473
51624037
51624073
51624703
51624730
51627304
51627403
51630247
51630274
51630427
51630472
51630724
51630742
51637024
51637042
51637204
51637240
51637402
51637420
51640273
51640372
51642037
51642073
51642703
51642730
51647203
51647302
51702463
51703624
51703642
51704263
51720364
51720463
51724036
51724063
51724603
51724630
51726304
51726403
51730246
51730264
51730426
51730462
51730624
51730642
51736024
51736042
51736204
51736240
51736402
51736420
51740263
51740362
51742036
51742063
51742603
51742630
51746203
51746302
52031647
52031746
52036147
52036174
52036417
52036471
52037146
52037164
52037416
52037461
52041637
52041736
52046137
52046173
52046317
52046371
52047136
52047163
52047316
52047361
52061374
52061473
52063147
52063174
52063714
52063741
52064137
52064173
52064713
52064731
52071364
52071463
52073146
52073164
52073614
52073641
52074136
52074163
52074613
52074631
52403617
52403716
52406137
52406173
52406317
52406371
52407136
52407163
52407316
52407361
52413607
52413706
52416037
52416073
52416307
52416370
52417036
52417063
52417306
52417360
52460317
52460371
52460713
52460731
52461307
52461370
52461703
52461730
52463071
52463170
52470316
52470361
52470613
52470631
52471306
52471360
52471603
52471630
52473061
52473160
52603147
52603174
52603714
52603741
52604137
52604173
52604713
52604731
52607314
52607413
52613047
52613074
52613704
52613740
52614037
52614073
52614703
52614730
52617304
52617403
52630417
52630471
52630714
52630741
52631407
52631470
52631704
52631740
52637041
52637140
52640317
52640371
52640713
52640731
52641307
52641370
52641703
52641730
52647031
52647130
52703146
52703164
52703614
52703641
52704136
52704163
52704613
52704631
52706314
52706413
52713046
52713064
52713604
52713640
52714036
52714063
52714603
52714630
52716304
52716403
52730416
52730461
52730614
52730641
52731406
52731460
52731604
52731640
52736041
52736140
52740316
52740361
52740613
52740631
52741306
52741360
52741603
52741630
52746031
52746130
53024617
53024716
53026147
53026174
53026417
53026471
53027146
53027164
53027416
53027461
53041627
53041726
53042617
53042716
53046172
53046271
53047162
53047261
53061427
53061472
53061724
53061742
53062417
53062471
53062714
53062741
53064172
53064271
53071426
53071462
53071624
53071642
53072416
53072461
53072614
53072641
53074162
53074261
53140627
53140726
53142607
53142706
53146027
53146072
53146207
53146270
53147026
53147062
53147206
53147260
53160247
53160274
53160427
53160472
53160724
53160742
53162047
53162074
53162407
53162470
53162704
53162740
53164027
53164072
53164207
53164270
53164702
53164720
53170246
53170264
53170426
53170462
53170624
53170642
53172046
53172064
53172406
53172460
53172604
53172640
53174026
53174062
53174206
53174260
53174602
53174620
53602417
53602471
53602714
53602741
53604172
53604271
53607142
53607241
53614027
53614072
53614207
53614270
53614702
53614720
53617024
53617042
53617204
53617240
53617402
53617420
53620417
53620471
53620714
53620741
53624071
53624170
53627041
53627140
53640271
53641702
53641720
53642071
53702416
53702461
53702614
53702641
53704162
53704261
53706142
53706241
53714026
53714062
53714206
53714260
53714602
53714620
53716024
53716042
53716204
53716240
53716402
53716420
53720416
53720461
53720614
53720641
53724061
53724160
53726041
53726140
53740261
53741602
53741620
53742061
57024136
57024163
57024613
57024631
57026314
57026413
57031426
57031462
57031624
57031642
57036142
57036241
57041362
57042613
57042631
57062413
57063142
57130246
57130264
57130426
57130462
57130624
57130642
57136024
57136042
57136204
57136240
57136402
57136420
57140263
57140362
57142036
57142063
57142603
57142630
57146203
57146302
57162403
57163024
57163042
57164203
57203146
57203164
57203614
57203641
57204136
57204163
57204613
57204631
57206314
57206413
57240316
57240361
57240613
57240631
57241306
57241360
57241603
57241630
57246031
57246130
57260314
57260413
57261304
57261403
57263041
57263140
57264031
57264130
57302416
57302461
57302614
57302641
57304162
57304261
57306142
57306241
57314026
57314062
57314206
57314260
57314602
57314620
57316024
57316042
57316204
57316240
57316402
57316420
57360241
57361402
57361420
57362041
57402613
57402631
57403162
57413026
57413062
57413602
57413620
57416203
57416302
57420316
57420361
57420613
57420631
57426031
57426130
57461302
57462031
60241357
60241375
60241537
60241573
60241735
60241753
60247135
60247153
60247315
60247351
60247513
60247531
60251374
60251473
60253147
60253174
60253714
60253741
60257314
60257413
60273514
60274135
60274153
60275314
60314257
60314275
60314725
60314752
60315247
60315274
60315724
60315742
60317425
60317524
60351427
60351472
60351724
60351742
60352417
60352471
60352714
60352741
60357142
60357241
60371425
60371524
60372415
60372514
60374152
60374251
60375142
60375241
60413527
60413572
60413725
60413752
60415273
60415372
60417253
60417352
60425137
60425173
60425317
60425371
60425713
60425731
60427135
60427153
60427315
60427351
60427513
60427531
60471352
60472513
60472531
60473152
60513724
60513742
60514273
60524137
60524173
60524713
60524731
60527314
60527413
60531427
60531472
60531724
60531742
60537142
60537241
60572413
60573142
60713524
60714253
60724135
60724153
60725314
60731425
60731524
60735142
60735241
60741352
60742513
60742531
60752413
60753142
61302475
61302574
61304257
61304275
61304725
61304752
61305247
61305274
61305724
61305742
61307425
61307524
61350247
61350274
61350427
61350472
61350724
61350742
61352047
61352074
61352407
61352470
61352704
61352740
61357024
61357042
61357204
61357240
61357402
61357420
61370425
61370524
61372405
61372504
61374025
61374052
61374205
61374250
61375024
61375042
61375204
61375240
61402537
61402573
61402735
61402753
61403527
61403572
61403725
61403752
61405273
61405372
61407253
61407352
61420357
61420375
61420537
61420573
61420735
61420753
61425037
61425073
61425307
61425370
61425703
61425730
61427035
61427053
61427305
61427350
61427503
61427530
61470253
61470352
61472035
61472053
61472503
61472530
61473025
61473052
61473502
61473520
61475203
61475302
61502473
61503724
61503742
61504273
61520374
61520473
61524037
61524073
61524703
61524730
61527304
61527403
61530247
61530274
61530427
61530472
61530724
61530742
61537024
61537042
61537204
61537240
61537402
61537420
61572403
61573024
61573042
61574203
61703524
61704253
61724035
61724053
61725304
61730425
61730524
61735024
61735042
61735204
61735240
61740253
61740352
61742035
61742053
61742503
61742530
61752403
61753024
61753042
62031475
62031574
62035147
62035174
62035714
62035741
62037415
62037514
62041357
62041375
62041537
62041573
62041735
62041753
62047135
62047153
62047315
62047351
62047513
62047531
62051374
62051473
62053147
62053174
62053714
62053741
62057314
62057413
62073514
62074135
62074153
62075314
62403157
62403175
62403517
62403571
62403715
62403751
62405137
62405173
62405317
62405371
62405713
62405731
62407135
62407153
62407315
62407351
62407513
62407531
62413057
62413075
62413507
62413570
62413705
62413750
62415037
62415073
62415307
62415370
62415703
62415730
62417035
62417053
62417305
62417350
62417503
62417530
62470315
62470351
62470513
62470531
62471305
62471350
62471503
62471530
62473051
62473150
62475031
62475130
62503147
62503174
62503714
62503741
62504137
62504173
62504713
62504731
62507314
62507413
62513047
62513074
62513704
62513740
62514037
62514073
62514703
62514730
62517304
62517403
62530417
62530471
62530714
62530741
62531407
62531470
62531704
62531740
62537041
62537140
62570314
62570413
62571304
62571403
62573041
62573140
62574031
62574130
62703514
62704135
62704153
62705314
62713504
62714035
62714053
62715304
62730415
62730514
62731405
62731504
62735041
62735140
62740315
62740351
62740513
62740531
62741305
62741350
62741503
62741530
62750314
62750413
62751304
62751403
62753041
62753140
63024157
63024175
63024715
63024751
63025147
63025174
63025714
63025741
63027415
63027514
63041527
63041572
63041725
63041752
63042517
63042571
63042715
63042751
63047152
63047251
63051427
63051472
63051724
63051742
63052417
63052471
63052714
63052741
63057142
63057241
63071425
63071524
63072415
63072514
63074152
63074251
63075142
63075241
63140257
63140275
63140527
63140572
63140725
63140752
63142057
63142075
63142507
63142570
63142705
63142750
63147025
63147052
63147205
63147250
63147502
63147520
63150247
63150274
63150427
63150472
63150724
63150742
63152047
63152074
63152407
63152470
63152704
63152740
63157024
63157042
63157204
63157240
63157402
63157420
63170425
63170524
63172405
63172504
63174025
63174052
63174205
63174250
63175024
63175042
63175204
63175240
63502417
63502471
63502714
63502741
63504172
63504271
63507142
63507241
63514027
63514072
63514207
63514270
63514702
63514720
63517024
63517042
63517204
63517240
63517402
63517420
63520417
63520471
63520714
63520741
63524071
63524170
63527041
63527140
63570241
63571402
63571420
63572041
63702415
63702514
63704152
63704251
63705142
63705241
63714025
63714052
63714205
63714250
63715024
63715042
63715204
63715240
63720415
63720514
63724051
63724150
63725041
63725140
63740251
63741502
63741520
63742051
63750241
63751402
63751420
63752041
64025137
64025173
64025317
64025371
64025713
64025731
64027135
64027153
64027315
64027351
64027513
64027531
64031527
64031572
64031725
64031752
64035172
64035271
64037152
64037251
64051372
64052713
64052731
64053172
64071352
64072513
64072531
64073152
64130257
64130275
64130527
64130572
64130725
64130752
64135027
64135072
64135207
64135270
64135702
64135720
64137025
64137052
64137205
64137250
64137502
64137520
64150273
64150372
64152037
64152073
64152703
64152730
64153027
64153072
64153702
64153720
64157203
64157302
64170253
64170352
64172035
64172053
64172503
64172530
64173025
64173052
64173502
64173520
64175203
64175302
64203157
64203175
64203517
64203571
64203715
64203751
64205137
64205173
64205317
64205371
64205713
64205731
64207135
64207153
64207315
64207351
64207513
64207531
64250317
64250371
64250713
64250731
64251307
64251370
64251703
64251730
64253071
64253170
64257031
64257130
64270315
64270351
64270513
64270531
64271305
64271350
64271503
64271530
64273051
64273150
64275031
64275130
64702513
64702531
64703152
64713025
64713052
64713502
64713520
64715203
64715302
64720315
64720351
64720513
64720531
64725031
64725130
64730251
64731502
64731520
64751302
64752031
70241536
70241635
70246135
70246153
70246315
70246351
70251364
70251463
70253146
70253164
70253614
70253641
70263514
70264135
70264153
70314625
70315246
70315264
70316425
70351426
70351462
70351624
70351642
70352416
70352461
70352614
70352641
70361425
70361524
70362415
70362514
70364152
70364251
70413526
70413625
70415263
70415362
70416253
70416352
70425136
70425163
70425316
70425361
70426135
70426153
70426315
70426351
70461352
70462513
70462531
70463152
70513624
70513642
70514263
70524136
70524163
70524613
70524631
70526314
70526413
70531426
70531462
70531624
70531642
70536142
70536241
70613524
70614253
70624135
70624153
70625314
70631425
70631524
70635142
70635241
70641352
70642513
70642531
71304625
71305246
71305264
71306425
71350246
71350264
71350426
71350462
71350624
71350642
71352046
71352064
71352406
71352460
71352604
71352640
71360425
71360524
71362405
71362504
71364025
71364052
71364205
71364250
71402536
71402635
71403526
71403625
71405263
71405362
71406253
71406352
71420536
71420635
71425036
71425063
71425306
71425360
71426035
71426053
71426305
71426350
71460253
71460352
71462035
71462053
71462503
71462530
71463025
71463052
71463502
71463520
71502463
71503624
71503642
71504263
71520364
71520463
71524036
71524063
71524603
71524630
71526304
71526403
71530246
71530264
71530426
71530462
71530624
71530642
71536024
71536042
71536204
71536240
71536402
71536420
71603524
71604253
71624035
71624053
71625304
71630425
71630524
71635024
71635042
71635204
71635240
71640253
71640352
71642035
71642053
71642503
71642530
72035146
72035164
72036415
72041536
72041635
72046135
72046153
72046315
72046351
72051364
72051463
72053146
72053164
72053614
72053641
72063514
72064135
72064153
72403516
72403615
72405136
72405163
72405316
72405361
72406135
72406153
72406315
72406351
72413506
72413605
72415036
72415063
72415306
72415360
72416035
72416053
72416305
72416350
72460315
72460351
72460513
72460531
72461305
72461350
72461503
72461530
72463051
72463150
72503146
72503164
72503614
72503641
72504136
72504163
72504613
72504631
72506314
72506413
72513046
72513064
72513604
72513640
72514036
72514063
72514603
72514630
72516304
72516403
72530416
72530461
72530614
72530641
72531406
72531460
72531604
72531640
72536041
72536140
72603514
72604135
72604153
72605314
72613504
72614035
72614053
72615304
72630415
72630514
72631405
72631504
72635041
72635140
72640315
72640351
72640513
72640531
72641305
72641350
72641503
72641530
73024615
73025146
73025164
73026415
73041526
73041625
73042516
73042615
73046152
73046251
73051426
73051462
73051624
73051642
73052416
73052461
73052614
73052641
73061425
73061524
73062415
73062514
73064152
73064251
73140526
73140625
73142506
73142605
73146025
73146052
73146205
73146250
73150246
73150264
73150426
73150462
73150624
73150642
73152046
73152064
73152406
73152460
73152604
73152640
73160425
73160524
73162405
73162504
73164025
73164052
73164205
73164250
73502416
73502461
73502614
73502641
73504162
73504261
73506142
73506241
73514026
73514062
73514206
73514260
73514602
73514620
73516024
73516042
73516204
73516240
73516402
73516420
73520416
73520461
73520614
73520641
73524061
73524160
73526041
73526140
73602415
73602514
73604152
73604251
73605142
73605241
73614025
73614052
73614205
73614250
73615024
73615042
73615204
73615240
73620415
73620514
73624051
73624150
73625041
73625140
73640251
73641502
73641520
73642051
74025136
74025163
74025316
74025361
74026135
74026153
74026315
74026351
74031526
74031625
74035162
74035261
74036152
74036251
74051362
74052613
74052631
74053162
74061352
74062513
74062531
74063152
74130526
74130625
74135026
74135062
74135206
74135260
74136025
74136052
74136205
74136250
74150263
74150362
74152036
74152063
74152603
74152630
74153026
74153062
74153602
74153620
74160253
74160352
74162035
74162053
74162503
74162530
74163025
74163052
74163502
74163520
74203516
74203615
74205136
74205163
74205316
74205361
74206135
74206153
74206315
74206351
74250316
74250361
74250613
74250631
74251306
74251360
74251603
74251630
74253061
74253160
74260315
74260351
74260513
74260531
74261305
74261350
74261503
74261530
74263051
74263150
74602513
74602531
74603152
74613025
74613052
74613502
74613520
74615203
74615302
74620315
74620351
74620513
74620531
74625031
74625130
74630251
74631502
74631520
75024136
75024163
75024613
75024631
75026314
75026413
75031426
75031462
75031624
75031642
75036142
75036241
75041362
75042613
75042631
75062413
75063142
75130246
75130264
75130426
75130462
75130624
75130642
75136024
75136042
75136204
75136240
75136402
75136420
75140263
75140362
75142036
75142063
75142603
75142630
75146203
75146302
75162403
75163024
75163042
75164203
75203146
75203164
75203614
75203641
75204136
75204163
75204613
75204631
75206314
75206413
75240316
75240361
75240613
75240631
75241306
75241360
75241603
75241630
75246031
75246130
75260314
75260413
75261304
75261403
75263041
75263140
75264031
75264130
75302416
75302461
75302614
75302641
75304162
75304261
75306142
75306241
75314026
75314062
75314206
75314260
75314602
75314620
75316024
75316042
75316204
75316240
75316402
75316420
75360241
75361402
75361420
75362041
