0241536
0241635
0246135
0246153
0246315
0246351
0251364
0251463
0253146
0253164
0253614
0253641
0263514
0264135
0264153
0314625
0315246
0315264
0316425
0351426
0351462
0351624
0351642
0352416
0352461
0352614
0352641
0361425
0361524
0362415
0362514
0364152
0364251
0413526
0413625
0415263
0415362
0416253
0416352
0425136
0425163
0425316
0425361
0426135
0426153
0426315
0426351
0461352
0462513
0462531
0463152
0513624
0513642
0514263
0524136
0524163
0524613
0524631
0526314
0526413
0531426
0531462
0531624
0531642
0536142
0536241
0613524
0614253
0624135
0624153
0625314
0631425
0631524
0635142
0635241
0641352
0642513
0642531
1304625
1305246
1305264
1306425
1350246
1350264
1350426
1350462
1350624
1350642
1352046
1352064
1352406
1352460
1352604
1352640
1360425
1360524
1362405
1362504
1364025
1364052
1364205
1364250
1402536
1402635
1403526
1403625
1405263
1405362
1406253
1406352
1420536
1420635
1425036
1425063
1425306
1425360
1426035
1426053
1426305
1426350
1460253
1460352
1462035
1462053
1462503
1462530
1463025
1463052
1463502
1463520
1502463
1503624
1503642
1504263
1520364
1520463
1524036
1524063
1524603
1524630
1526304
1526403
1530246
1530264
1530426
1530462
1530624
1530642
1536024
1536042
1536204
1536240
1536402
1536420
1603524
1604253
1624035
1624053
1625304
1630425
1630524
1635024
1635042
1635204
1635240
1640253
1640352
1642035
1642053
1642503
1642530
2035146
2035164
2036415
2041536
2041635
2046135
2046153
2046315
2046351
2051364
2051463
2053146
2053164
2053614
2053641
2063514
2064135
2064153
2403516
2403615
2405136
2405163
2405316
2405361
2406135
2406153
2406315
2406351
2413506
2413605
2415036
2415063
2415306
2415360
2416035
2416053
2416305
2416350
2460315
2460351
2460513
2460531
2461305
2461350
2461503
2461530
2463051
2463150
2503146
2503164
2503614
2503641
2504136
2504163
2504613
2504631
2506314
2506413
2513046
2513064
2513604
2513640
2514036
2514063
2514603
2514630
2516304
2516403
2530416
2530461
2530614
2530641
2531406
2531460
2531604
2531640
2536041
2536140
2603514
2604135
2604153
2605314
2613504
2614035
2614053
2615304
2630415
2630514
2631405
2631504
2635041
2635140
2640315
2640351
2640513
2640531
2641305
2641350
2641503
2641530
3024615
3025146
3025164
3026415
3041526
3041625
3042516
3042615
3046152
3046251
3051426
3051462
3051624
3051642
3052416
3052461
3052614
3052641
3061425
3061524
3062415
3062514
3064152
3064251
3140526
3140625
3142506
3142605
3146025
3146052
3146205
3146250
3150246
3150264
3150426
3150462
3150624
3150642
3152046
3152064
3152406
3152460
3152604
3152640
3160425
3160524
3162405
3162504
3164025
3164052
3164205
3164250
3502416
3502461
3502614
3502641
3504162
3504261
3506142
3506241
3514026
3514062
3514206
3514260
3514602
3514620
3516024
3516042
3516204
3516240
3516402
3516420
3520416
3520461
3520614
3520641
3524061
3524160
3526041
3526140
3602415
3602514
3604152
3604251
3605142
3605241
3614025
3614052
3614205
3614250
3615024
3615042
3615204
3615240
3620415
3620514
3624051
3624150
3625041
3625140
3640251
3641502
3641520
3642051
4025136
4025163
4025316
4025361
4026135
4026153
4026315
4026351
4031526
4031625
4035162
4035261
4036152
4036251
4051362
4052613
4052631
4053162
4061352
4062513
4062531
4063152
4130526
4130625
4135026
4135062
4135206
4135260
4136025
4136052
4136205
4136250
4150263
4150362
4152036
4152063
4152603
4152630
4153026
4153062
4153602
4153620
4160253
4160352
4162035
4162053
4162503
4162530
4163025
4163052
4163502
4163520
4203516
4203615
4205136
4205163
4205316
4205361
4206135
4206153
4206315
4206351
4250316
4250361
4250613
4250631
4251306
4251360
4251603
4251630
4253061
4253160
4260315
4260351
4260513
4260531
4261305
4261350
4261503
4261530
4263051
4263150
4602513
4602531
4603152
4613025
4613052
4613502
4613520
4615203
4615302
4620315
4620351
4620513
4620531
4625031
4625130
4630251
4631502
4631520
5024136
5024163
5024613
5024631
5026314
5026413
5031426
5031462
5031624
5031642
5036142
5036241
5041362
5042613
5042631
5062413
5063142
5130246
5130264
5130426
5130462
5130624
5130642
5136024
5136042
5136204
5136240
5136402
5136420
5140263
5140362
5142036
5142063
5142603
5142630
5146203
5146302
5162403
5163024
5163042
5164203
5203146
5203164
5203614
5203641
5204136
5204163
5204613
5204631
5206314
5206413
5240316
5240361
5240613
5240631
5241306
5241360
5241603
5241630
5246031
5246130
5260314
5260413
5261304
5261403
5263041
5263140
5264031
5264130
5302416
5302461
5302614
5302641
5304162
5304261
5306142
5306241
5314026
5314062
5314206
5314260
5314602
5314620
5316024
5316042
5316204
5316240
5316402
5316420
5360241
5361402
5361420
5362041
6024135
6024153
6025314
6031425
6031524
6035142
6035241
6041352
6042513
6042531
6052413
6053142
6130425
6130524
6135024
6135042
6135204
6135240
6140253
6140352
6142035
6142053
6142503
6142530
6152403
6153024
6153042
6203514
6204135
6204153
6205314
6240315
6240351
6240513
6240531
6241305
6241350
6241503
6241530
6250314
6250413
6251304
6251403
6253041
6253140
6302415
6302514
6304152
6304251
6305142
6305241
6314025
6314052
6314205
6314250
6315024
6315042
6315204
6315240
6350241
6351402
6351420
6352041
6402513
6402531
6403152
6413025
6413052
6413502
6413520
6415203
6415302
6420315
6420351
6420513
6420531
6425031
6425130
